orientation:
  w: 0.9472498943831563
  x: 0.0
  y: 0.0
  z: 0.3204959244531812
position:
  x: -0.3126601781086214
  y: 0.9337921345724386
  z: 0.0
