orientation:
  w: 0.9997284385541559
  x: 0.0
  y: 0.0
  z: -0.023303414901454555
position:
  x: -0.3089812636134286
  y: 0.8717997193105997
  z: 0.0
